generation,N_shifts,logPrior,logLik,eventRate,acceptRate
0,0,4.81417,-4529.91,1,0
10000,3,11.4777,-3693.1,3.25603,0.347965
20000,8,26.5169,-3642.04,5.71921,0.342133
30000,8,29.8023,-3625.76,3.97972,0.3349
40000,14,54.0648,-3560.94,9.14446,0.3161
50000,17,71.9072,-3579.63,6.6931,0.3498
60000,12,45.6189,-3567.86,4.49951,0.343028
70000,22,78.1009,-3555.62,11.4671,0.3306
80000,17,61.991,-3494.06,8.96842,0.3459
90000,20,72.8267,-3550.67,11.8855,0.35685
100000,15,56.001,-3505.28,6.58314,0.3314
110000,18,70.7909,-3518.06,8.11371,0.36205
120000,17,55.2467,-3542.96,17.2384,0.33758
130000,17,63.4995,-3483.1,6.37301,0.332367
140000,19,57.3514,-3471.51,11.0507,0.3358
150000,19,63.79,-3473.13,9.64297,0.362575
160000,20,66.7473,-3506.31,11.1316,0.327825
170000,22,71.036,-3445.11,17.1276,0.34175
180000,25,92.0405,-3475.22,12.5472,0.3127
190000,24,74.3891,-3439.94,9.3056,0.33264
200000,30,105.882,-3399.32,14.7999,0.3567
210000,33,110.084,-3418.73,13.7556,0.3606
220000,25,84.8209,-3477.96,10.8119,0.3382
230000,29,110.732,-3432.16,15.5767,0.359875
240000,26,82.0433,-3405.8,13.4122,0.363533
250000,28,88.0077,-3411.58,15.9591,0.3489
260000,32,94.9508,-3406.41,18.5939,0.3465
270000,27,95.0366,-3449.05,14.3159,0.328
280000,32,111.531,-3411.85,16.2368,0.3584
290000,26,89.1484,-3432.68,9.20854,0.32365
300000,24,79.752,-3402.99,9.44432,0.341096
310000,28,87.0873,-3394.7,12.3948,0.3522
320000,31,105.735,-3396.71,17.4595,0.334933
330000,29,100.501,-3392.79,11.0112,0.342733
340000,27,94.1653,-3406.6,9.44028,0.3605
350000,32,112.007,-3392.82,14.4105,0.354775
360000,29,91.1718,-3408.61,15.1394,0.3501
370000,28,97.3234,-3397.73,13.1628,0.344933
380000,31,107.14,-3352.43,18.4102,0.3496
390000,34,96.5659,-3362.02,18.8198,0.3412
400000,34,124.237,-3352.51,18.3557,0.3487
410000,32,129.148,-3356.05,12.9781,0.3615
420000,29,92.7612,-3380.36,11.5732,0.350167
430000,31,114.705,-3374.59,15.5457,0.34955
440000,30,111.401,-3362.6,13.3154,0.3456
450000,28,96.3739,-3373.9,14.8038,0.3482
460000,33,115.51,-3370.66,23.6277,0.3355
470000,32,121.917,-3363.31,12.4879,0.3471
480000,31,102.135,-3384.52,15.6808,0.320983
490000,31,104.136,-3380.87,15.9096,0.3458
500000,29,104.8,-3356.14,13.2171,0.3357
510000,30,100.82,-3367.15,15.1953,0.3256
520000,34,124.199,-3372.01,18.8845,0.3314
530000,28,91.7305,-3396.61,10.7988,0.336644
540000,30,96.2699,-3383.29,18.5567,0.3489
550000,32,83.5976,-3375.92,18.3574,0.327417
560000,33,113.315,-3384.09,13.2567,0.35105
570000,24,76.3995,-3409.05,15.1651,0.3434
580000,29,102.338,-3385.58,13.1714,0.33795
590000,26,90.7804,-3395.38,9.12833,0.3387
600000,26,82.0233,-3428.05,15.5241,0.345732
610000,26,81.5468,-3394.66,11.9325,0.3375
620000,27,88.4412,-3405.95,13.854,0.34566
630000,32,106.815,-3373.03,14.7695,0.33495
640000,25,76.3491,-3387.82,14.8322,0.3389
650000,32,97.6092,-3384.29,17.9085,0.3383
660000,36,121.524,-3369.74,18.4175,0.341414
670000,34,114.361,-3379.25,13.6204,0.34492
680000,33,117.328,-3382.51,13.5176,0.35155
690000,33,122.832,-3381.89,8.50818,0.341
700000,32,113.885,-3381.62,15.1567,0.3275
710000,41,152.001,-3372.03,20.4243,0.3584
720000,32,106.046,-3352.86,16.7073,0.3494
730000,32,102.715,-3359.47,22.7742,0.3298
740000,28,100.831,-3408.84,14.5361,0.351643
750000,25,75.9227,-3401.46,12.447,0.3416
760000,28,92.3683,-3409.56,15.9898,0.35225
770000,30,95.5662,-3345.59,15.7073,0.342825
780000,31,109.953,-3352.9,18.457,0.3335
790000,32,96.8212,-3418.23,18.6553,0.339274
800000,29,101.424,-3348.71,14.7865,0.3319
810000,30,118.049,-3353.02,12.2074,0.341
820000,29,108.609,-3378.73,14.2503,0.3435
830000,25,85.1293,-3360.51,14.6363,0.33835
840000,29,93.94,-3357.65,14.8893,0.3364
850000,35,112.815,-3348.2,18.0596,0.3419
860000,31,106.412,-3406.29,16.9778,0.3612
870000,31,100.7,-3409.16,12.5849,0.3571
880000,37,129.527,-3364.15,17.5647,0.3352
890000,35,130.899,-3348.38,14.5817,0.3403
900000,32,110.416,-3364.96,18.8248,0.3433
910000,32,119.062,-3372.56,14.0326,0.3506
920000,35,125.236,-3355.01,19.8642,0.3517
930000,29,90.498,-3402.62,15.5925,0.34785
940000,31,117.724,-3358.49,14.1692,0.3342
950000,34,113.984,-3352.39,22.769,0.3312
960000,34,119.414,-3355.98,18.1068,0.3411
970000,34,121.446,-3355.41,12.5136,0.3243
980000,34,106.647,-3362.17,16.3005,0.33177
990000,33,100.135,-3359.79,17.9298,0.3324
1000000,35,117.88,-3360.5,17.9245,0.339
1010000,29,105.29,-3392.26,11.3374,0.337795
1020000,26,77.0378,-3370.08,11.1489,0.30905
1030000,30,109.773,-3409.05,16.2372,0.34464
1040000,26,90.9051,-3360.38,15.271,0.331071
1050000,31,108.361,-3384.7,12.6296,0.32975
1060000,28,85.8399,-3392.7,16.8886,0.332667
1070000,30,103.751,-3375.49,11.1967,0.3461
1080000,32,97.4764,-3352.58,15.5037,0.3355
1090000,31,99.9461,-3332.99,14.0123,0.3301
1100000,28,89.32,-3389.68,16.337,0.3326
1110000,30,112.381,-3394.23,12.3516,0.33286
1120000,25,88.669,-3390.89,11.9617,0.331
1130000,27,93.4297,-3388.34,13.5032,0.336633
1140000,27,79.6495,-3390.98,16.4642,0.3182
1150000,30,110.076,-3392.05,14.8541,0.3312
1160000,30,105.592,-3394.94,14.236,0.3469
1170000,29,104.015,-3385.19,15.5757,0.336662
1180000,29,99.351,-3397.1,17.7629,0.3387
1190000,28,84.5886,-3411.84,19.2899,0.3403
1200000,36,113.229,-3387.92,16.5747,0.34365
1210000,31,109.829,-3384.88,8.89984,0.3554
1220000,31,95.3021,-3347.01,18.0207,0.330115
1230000,31,101.782,-3365.9,17.3785,0.3247
1240000,30,98.5634,-3365.1,12.3951,0.3236
1250000,30,88.1177,-3355.79,13.479,0.3167
1260000,35,122.172,-3347.73,15.6073,0.3515
1270000,31,100.683,-3370.22,13.4362,0.325833
1280000,41,122.64,-3357.35,23.2527,0.34465
1290000,34,117.713,-3339.96,18.3389,0.3441
1300000,40,131.819,-3351.49,25.7874,0.3527
1310000,32,103.064,-3389.49,15.5715,0.331406
1320000,29,87.8981,-3371.32,14.146,0.33826
1330000,33,106.528,-3357.66,16.1191,0.335167
1340000,28,107.339,-3376.59,10.4202,0.3199
1350000,34,115.904,-3347.39,17.2803,0.32945
1360000,42,130.195,-3346.72,22.1417,0.3391
1370000,39,127.213,-3340.08,25.0091,0.3503
1380000,29,99.848,-3349.39,15.6864,0.34885
1390000,33,120.362,-3350.43,13.2445,0.3479
1400000,27,99.6618,-3349.04,13.1063,0.3391
1410000,31,108.874,-3357.21,16.6293,0.3383
1420000,28,95.9501,-3386.29,11.3346,0.330164
1430000,38,143.842,-3350.66,19.7158,0.335833
1440000,30,100.531,-3351.58,13.1155,0.334067
1450000,33,113.837,-3384.26,17.0564,0.336858
1460000,34,122.051,-3353.34,13.6006,0.342133
1470000,37,132.103,-3355.53,17.4021,0.3444
1480000,31,103.969,-3357.51,20.7026,0.352
1490000,28,98.1732,-3371.78,10.3004,0.3318
1500000,27,78.3221,-3394.9,13.77,0.325813
1510000,34,105.71,-3369.29,16.7755,0.340617
1520000,27,106.352,-3374.2,10.9965,0.329433
1530000,31,105.567,-3378.85,17.3001,0.34285
1540000,26,82.991,-3380.28,15.8533,0.327283
1550000,25,85.3636,-3377.72,10.6099,0.324
1560000,26,87.7111,-3393.81,16.5027,0.3347
1570000,31,109.071,-3398.1,14.4298,0.3444
1580000,31,108.251,-3376.77,19.2027,0.3309
1590000,30,110.838,-3380.17,11.2609,0.335967
1600000,30,89.8908,-3402.43,18.1492,0.3417
1610000,27,84.8623,-3403.61,18.5007,0.340162
1620000,39,143.532,-3358.27,15.6802,0.35714
1630000,35,125.489,-3363.47,24.5855,0.3564
1640000,29,105.001,-3381.44,14.5537,0.3527
1650000,25,84.637,-3374.76,14.6704,0.328586
1660000,25,88.4196,-3400.68,14.1221,0.325967
1670000,26,89.9695,-3390.38,14.6281,0.3206
1680000,33,106.293,-3363.06,22.2035,0.339767
1690000,23,79.8901,-3406.22,10.8917,0.3389
1700000,27,94.6788,-3376.5,14.907,0.33025
1710000,34,118.039,-3385.92,22.1571,0.32235
1720000,32,98.8932,-3374.27,21.1811,0.329011
1730000,33,117.466,-3360.98,15.7986,0.3426
1740000,31,109.731,-3397.84,15.1246,0.33394
1750000,31,108.218,-3380.71,18.0599,0.343167
1760000,35,127.777,-3367.71,17.1823,0.342733
1770000,27,89.5079,-3385.95,13.324,0.3337
1780000,31,102.02,-3363.49,13.8177,0.3425
1790000,29,101.256,-3362.47,12.3011,0.3377
1800000,29,94.0127,-3367.97,12.9718,0.3217
1810000,31,106.789,-3380.2,19.5508,0.33958
1820000,31,112.268,-3389.53,9.58835,0.33172
1830000,27,93.5662,-3382.92,12.4417,0.3469
1840000,25,79.1387,-3377.33,12.8955,0.326756
1850000,26,78.8533,-3382.38,14.7215,0.3268
1860000,28,90.3967,-3362.93,16.5159,0.3207
1870000,32,100.76,-3396.14,14.024,0.33115
1880000,30,97.9076,-3401.93,14.7562,0.3377
1890000,26,85.6152,-3377.95,13.4187,0.3207
1900000,28,93.2056,-3362.06,11.352,0.333233
1910000,30,104.744,-3377.33,16.7036,0.3317
1920000,30,107.936,-3387.15,12.6817,0.3355
1930000,25,81.111,-3367.62,10.3634,0.310967
1940000,29,100.318,-3372.57,13.4852,0.326638
1950000,24,86.2965,-3403.42,11.4344,0.341233
1960000,31,99.1403,-3390.85,16.8995,0.3267
1970000,38,115.674,-3361.42,23.5239,0.336167
1980000,35,111.841,-3356.75,15.7883,0.3338
1990000,31,102.113,-3376.34,16.622,0.3513
2000000,26,69.4183,-3391.79,14.802,0.35198
2010000,32,104.542,-3357.27,16.5344,0.328733
2020000,32,114.016,-3358.33,14.0919,0.3382
2030000,26,83.9386,-3367.97,17.7257,0.33097
2040000,24,81.2758,-3426.55,9.17604,0.3288
2050000,25,79.7146,-3375.81,12.6214,0.32345
2060000,21,70.6258,-3417.75,11.0545,0.3241
2070000,36,115.192,-3364.73,18.9162,0.34152
2080000,32,105.638,-3360.96,13.4677,0.3455
2090000,35,94.0473,-3350.41,18.8561,0.3469
2100000,29,97.3562,-3363.53,14.1315,0.3353
2110000,27,78.3242,-3357.02,16.3795,0.3248
2120000,27,88.7189,-3368.95,12.5032,0.322271
2130000,29,111.26,-3387.05,8.91906,0.341357
2140000,30,101.106,-3365.27,11.8979,0.3227
2150000,29,98.2343,-3369.75,12.8144,0.3225
2160000,30,99.388,-3370.6,15.7798,0.3294
2170000,25,83.2625,-3371.46,14.3441,0.318133
2180000,29,80.6471,-3356.83,17.6243,0.3086
2190000,32,123.849,-3376.85,10.6787,0.3393
2200000,27,94.8643,-3364.85,12.7718,0.336
2210000,25,83.5767,-3388.96,10.6024,0.333112
2220000,25,93.421,-3387.03,10.4741,0.341
2230000,29,89.2921,-3386.74,18.3894,0.325424
2240000,27,89.7652,-3387.14,14.8864,0.3315
2250000,32,100.231,-3357.07,16.7342,0.326871
2260000,35,110.586,-3359.86,21.9872,0.3633
2270000,31,102.66,-3367.89,19.2449,0.330486
2280000,37,136.303,-3358.76,17.3526,0.350775
2290000,31,100.543,-3360.17,17.5081,0.3639
2300000,25,76.6137,-3391.98,12.5455,0.3312
2310000,27,92.0408,-3386.92,12.0967,0.3451
2320000,32,94.7428,-3366.33,21.9173,0.33874
2330000,35,99.1719,-3354.34,19.9366,0.3389
2340000,29,101.905,-3385.27,15.9754,0.3263
2350000,29,92.6874,-3355.05,13.1403,0.3448
2360000,38,121.717,-3374.82,18.5769,0.343771
2370000,33,119.764,-3358.06,14.8315,0.3325
2380000,30,98.3064,-3363.98,21.1967,0.3424
2390000,30,101.723,-3373.74,13.3555,0.3491
2400000,28,89.1109,-3382.87,16.8729,0.3219
2410000,31,106.581,-3351.1,10.9936,0.3385
2420000,24,68.2778,-3374.67,13.2627,0.324511
2430000,28,87.4181,-3379.08,15.306,0.2954
2440000,30,98.8828,-3385.69,15.2736,0.323975
2450000,30,101.708,-3372.73,15.7952,0.32425
2460000,30,104.656,-3374.86,14.0021,0.34405
2470000,33,110.676,-3381.58,11.7787,0.3213
2480000,29,95.9903,-3405.42,14.1168,0.332214
2490000,28,100.92,-3377.27,10.8297,0.3352
2500000,26,94.7066,-3384.46,11.7827,0.321789
2510000,26,89.5297,-3408.66,12.6802,0.32646
2520000,27,96.028,-3383.37,10.3795,0.31335
2530000,29,108.738,-3396.1,8.74777,0.32166
2540000,25,82.0284,-3393.07,17.3862,0.338267
2550000,34,114.585,-3354.35,19.5327,0.3292
2560000,29,83.8634,-3391.39,18.7905,0.33415
2570000,32,105.889,-3362.11,19.1133,0.32404
2580000,30,95.3741,-3381,15.2043,0.3466
2590000,32,104.327,-3379.65,16.468,0.3342
2600000,29,91.2889,-3387.77,12.3715,0.333614
2610000,28,93.5374,-3381.2,12.7594,0.328433
2620000,29,98.6072,-3373.82,15.66,0.3239
2630000,33,110.721,-3369.5,19.3266,0.3381
2640000,31,111.972,-3383.91,13.8132,0.334175
2650000,25,78.774,-3374.55,15.5412,0.333433
2660000,35,137.789,-3370.26,14.8183,0.3267
2670000,32,103.356,-3375.92,17.4368,0.34605
2680000,31,110.093,-3385.04,15.6294,0.3422
2690000,35,110.708,-3361.33,19.2521,0.337267
2700000,33,119.654,-3358.45,10.8076,0.326517
2710000,34,93.8273,-3371.06,16.6222,0.3336
2720000,31,109.435,-3362.65,12.0697,0.330153
2730000,30,96.4742,-3354.96,16.6435,0.3415
2740000,32,101.245,-3357.12,21.6234,0.33078
2750000,33,106.548,-3371.18,12.7477,0.3309
2760000,32,105.406,-3357.63,16.646,0.3367
2770000,28,85.0816,-3376.27,13.3296,0.340489
2780000,29,99.5885,-3358.13,16.3329,0.33155
2790000,33,112.295,-3359.9,15.8911,0.3313
2800000,28,97.7124,-3369.27,11.5853,0.333386
2810000,31,103.541,-3347.81,14.0786,0.3259
2820000,30,101.38,-3374.97,18.1955,0.323675
2830000,30,106.059,-3387.85,13.7204,0.347317
2840000,29,88.1934,-3367.52,18.2767,0.34254
2850000,29,83.6641,-3360.82,13.7516,0.325967
2860000,32,111.986,-3363.87,17.9743,0.34134
2870000,33,106.611,-3377.33,16.1442,0.3188
2880000,32,112.168,-3331.7,12.1155,0.311667
2890000,35,105.383,-3337.17,19.5438,0.3403
2900000,33,105.795,-3364.27,15.5239,0.3431
2910000,33,110.533,-3358.18,13.9662,0.3286
2920000,29,103.554,-3369.43,12.7672,0.340267
2930000,30,103.337,-3370.28,16.9935,0.3488
2940000,29,98.044,-3360.34,13.0594,0.3261
2950000,35,105.28,-3375.94,18.5238,0.336
2960000,25,82.685,-3368.38,13.3754,0.32425
2970000,33,108.402,-3358.91,16.3055,0.34105
2980000,34,122.582,-3360.64,19.4955,0.34015
2990000,36,130.044,-3349.44,17.7803,0.3617
3000000,30,96.5305,-3357.73,16.5241,0.3224
3010000,28,89.1812,-3362.02,15.2554,0.3438
3020000,31,86.3666,-3378.07,17.4266,0.33795
3030000,31,102.519,-3361.52,17.9352,0.33825
3040000,30,108.957,-3364.42,13.1172,0.3396
3050000,29,95.3646,-3359.96,13.674,0.3362
3060000,30,113.546,-3411.77,16.1096,0.341417
3070000,31,98.1827,-3397.81,19.4607,0.3581
3080000,32,108.697,-3367.37,14.7076,0.347833
3090000,34,128.848,-3355.98,16.8044,0.3433
3100000,33,113.692,-3358.95,16.23,0.3364
3110000,32,114.782,-3371.06,14.5326,0.340144
3120000,31,106.382,-3385.83,11.764,0.3418
3130000,32,113.237,-3359.67,18.4881,0.333456
3140000,33,110.299,-3366.98,17.6519,0.33745
3150000,25,71.1261,-3368.98,15.1738,0.32782
3160000,33,101.773,-3380.34,18.8508,0.341244
3170000,30,99.5228,-3359.42,14.3442,0.3273
3180000,28,90.202,-3383.41,17.0608,0.321
3190000,30,106.237,-3367.31,13.8716,0.3167
3200000,35,120.306,-3362.95,12.7521,0.3422
3210000,31,105.887,-3351.95,16.6713,0.325987
3220000,24,79.3112,-3411.11,12.4439,0.342217
3230000,28,96.7523,-3404.18,13.2746,0.3104
3240000,27,89.1812,-3385.64,12.8933,0.3393
3250000,28,99.1225,-3385.58,15.6023,0.3215
3260000,30,91.9878,-3368.68,21.9971,0.34206
3270000,34,112.602,-3364.74,19.1404,0.331025
3280000,33,104.922,-3374.87,19.8186,0.3398
3290000,34,105.276,-3361.46,19.4203,0.3427
3300000,31,91.4083,-3369.92,17.6388,0.32326
3310000,28,97.5149,-3378.94,12.6153,0.3259
3320000,32,102.999,-3364.86,15.3957,0.332112
3330000,29,107.245,-3389.2,14.8351,0.3405
3340000,31,114.493,-3398.17,14.5485,0.3429
3350000,28,100.542,-3378.91,11.5952,0.328911
3360000,29,93.6485,-3371.04,16.4312,0.319375
3370000,30,94.7322,-3358.11,16.0373,0.333314
3380000,32,115.316,-3367.05,16.6771,0.3298
3390000,31,107.869,-3380.27,14.7858,0.33496
3400000,29,93.4002,-3364.26,19.3472,0.3333
3410000,30,115.48,-3382.74,11.6196,0.339
3420000,29,94.2927,-3371.18,11.6335,0.3281
3430000,25,70.5111,-3376.7,17.7001,0.321983
3440000,29,99.5551,-3374.62,17.0607,0.326467
3450000,37,118.218,-3372.63,21.8108,0.329767
3460000,28,101.691,-3377.88,12.6361,0.3425
3470000,36,124.182,-3382.25,14.2301,0.338033
3480000,28,94.5246,-3369.36,14.5217,0.33204
3490000,33,109.172,-3368.75,15.6521,0.342967
3500000,33,117.477,-3378.6,15.9084,0.3499
3510000,30,94.0325,-3381.11,15.8607,0.3309
3520000,25,79.5446,-3380.53,14.1288,0.328625
3530000,31,93.1809,-3368.74,13.5385,0.34105
3540000,31,97.0372,-3369.38,15.6156,0.3106
3550000,25,91.779,-3404.42,15.3136,0.329
3560000,27,82.9293,-3395.98,15.8408,0.32384
3570000,29,88.8966,-3393.49,16.9201,0.3176
3580000,28,84.1584,-3371.05,17.2587,0.32992
3590000,29,105.298,-3392.25,12.9472,0.3211
3600000,27,71.8244,-3389.97,16.6145,0.32935
3610000,23,84.0526,-3375.4,13.1277,0.3364
3620000,28,85.5565,-3371.35,14.6649,0.3088
3630000,30,109.182,-3381.8,16.4606,0.326725
3640000,30,111.219,-3379.11,11.1763,0.330533
3650000,33,122.809,-3356.31,17.361,0.3506
3660000,29,89.8739,-3374.07,20.2676,0.304125
3670000,27,91.3527,-3382.56,11.6049,0.303
3680000,30,106.812,-3386.98,17.939,0.331578
3690000,29,95.2998,-3374.81,18.2254,0.33085
3700000,29,101.175,-3369.44,14.5413,0.3167
3710000,30,96.1036,-3364.84,12.6817,0.3286
3720000,30,107.741,-3374.29,13.6732,0.338443
3730000,28,92.355,-3383.05,16.0286,0.33269
3740000,27,85.072,-3360.83,12.62,0.3136
3750000,34,104.259,-3374.73,17.4908,0.336967
3760000,29,86.1263,-3372.36,18.5594,0.343
3770000,38,132.221,-3364.7,14.4023,0.34975
3780000,32,105.534,-3371.44,20.3424,0.3502
3790000,34,109.069,-3359.04,24.386,0.332
3800000,36,112.502,-3371.72,19.6762,0.3508
3810000,26,80.047,-3359.55,13.3826,0.3292
3820000,32,116.355,-3378.26,12.6771,0.335056
3830000,29,101.082,-3376,16.9371,0.3435
3840000,26,93.152,-3386.35,9.71367,0.3215
3850000,27,97.8795,-3372.67,11.3753,0.331965
3860000,31,100.999,-3356.68,13.0251,0.339
3870000,30,105.165,-3352.75,15.7501,0.3148
3880000,30,103.822,-3345.06,12.3579,0.333167
3890000,30,105.044,-3362.54,23.6501,0.340233
3900000,26,97.8409,-3393.58,9.10494,0.325767
3910000,31,100.678,-3352.85,18.3317,0.331233
3920000,30,90.2027,-3370.18,14.5373,0.31745
3930000,31,109.457,-3357.72,15.2756,0.32405
3940000,32,101.425,-3376.83,15.4976,0.324375
3950000,28,97.0667,-3372.77,16.2941,0.3284
3960000,28,84.1485,-3386.29,14.0545,0.3253
3970000,32,97.352,-3363.38,15.7498,0.3297
3980000,28,96.3249,-3362.24,12.1072,0.3214
3990000,30,93.5663,-3376.05,17.8047,0.336157
4000000,30,104.963,-3371.52,12.5816,0.3178
4010000,24,69.3841,-3386.38,13.4866,0.31634
4020000,28,94.3542,-3373.74,19.59,0.328725
4030000,26,87.3347,-3359.85,14.7295,0.336633
4040000,27,97.6685,-3374.57,12.7183,0.3325
4050000,30,95.0377,-3377.84,15.8933,0.3281
4060000,34,111.018,-3355.07,18.3791,0.3435
4070000,29,90.4911,-3352.76,19.6002,0.3318
4080000,30,88.1181,-3352.04,17.4685,0.3318
4090000,37,106.948,-3387.8,26.4901,0.3369
4100000,30,90.9048,-3370.93,15.2476,0.327836
4110000,27,93.8427,-3390.63,16.5409,0.33068
4120000,32,123.123,-3396.44,11.8432,0.3339
4130000,30,96.4283,-3389.74,20.4035,0.362
4140000,33,107.152,-3375.36,17.0267,0.3668
4150000,31,103.717,-3356.44,18.9347,0.331745
4160000,31,106.551,-3360.01,18.4301,0.3423
4170000,29,93.7971,-3359.11,12.8529,0.316787
4180000,30,95.7817,-3373.08,12.6603,0.329833
4190000,30,98.1151,-3366.73,15.1196,0.3336
4200000,26,86.6585,-3388.57,14.0078,0.31367
4210000,27,88.2792,-3383.18,12.7724,0.3263
4220000,28,98.2797,-3362.12,12.6875,0.33075
4230000,36,127.422,-3357.98,18.0714,0.3399
4240000,31,99.3611,-3374.31,16.8486,0.32838
4250000,27,80.4257,-3381,15.1959,0.335025
4260000,29,86.3794,-3360.04,14.1867,0.3199
4270000,33,99.7725,-3365.05,18.8436,0.3116
4280000,30,85.5853,-3370.35,17.2971,0.3243
4290000,31,94.8136,-3355.76,18.7736,0.3168
4300000,33,105.528,-3362.6,16.0238,0.331763
4310000,26,90.4166,-3373.08,14.7655,0.329313
4320000,34,135.122,-3359.27,11.8107,0.33925
4330000,29,106.018,-3360.07,13.0279,0.3543
4340000,29,97.143,-3386.08,16.4636,0.327283
4350000,31,106.142,-3370.89,19.0812,0.329075
4360000,29,106.466,-3369.98,13.2867,0.323657
4370000,34,111.938,-3366.79,22.3352,0.34615
4380000,32,111.932,-3382.09,18.7699,0.31645
4390000,28,106.635,-3367.56,11.4004,0.33895
4400000,37,131.707,-3361.86,15.411,0.3548
4410000,33,102.245,-3387.26,21.0359,0.3461
4420000,29,102.836,-3385.24,15.8694,0.327886
4430000,33,107.223,-3359.15,19.0679,0.3343
4440000,31,106.076,-3361.49,18.9064,0.334033
4450000,28,92.5574,-3365.33,10.6566,0.3345
4460000,30,112.906,-3369.09,15.1018,0.34795
4470000,30,101.743,-3397.9,9.66852,0.330015
4480000,29,101.395,-3366.74,16.6692,0.323233
4490000,32,116.253,-3363.99,18.8577,0.3416
4500000,29,90.7405,-3365.69,15.3716,0.332788
4510000,34,119.022,-3368.45,13.3664,0.34712
4520000,29,104.62,-3366.72,14.0989,0.3161
4530000,29,100.373,-3372.35,10.1555,0.330333
4540000,29,100.339,-3357.02,14.3167,0.3127
4550000,32,106.203,-3376.56,25.8516,0.3486
4560000,30,102.13,-3363.91,17.7727,0.3474
4570000,27,96.4431,-3384.88,17.537,0.330683
4580000,26,87.0087,-3392.15,8.115,0.3224
4590000,29,86.9706,-3373.83,14.9375,0.3411
4600000,29,105.095,-3388.87,14.0922,0.3236
4610000,29,94.3661,-3373.8,15.7005,0.3127
4620000,28,94.983,-3387.62,19.7406,0.33506
4630000,28,91.8831,-3390.91,15.1801,0.323417
4640000,29,99.9529,-3362.36,14.593,0.332275
4650000,29,99.9307,-3347.94,11.3935,0.3461
4660000,31,108.665,-3373.64,10.2863,0.3237
4670000,25,79.1954,-3385.68,11.4829,0.3188
4680000,29,97.1439,-3374.91,14.9238,0.3232
4690000,31,101.336,-3352.04,15.0747,0.3505
4700000,34,106.965,-3351.89,26.2968,0.3644
4710000,30,107.723,-3361.68,15.7346,0.34325
4720000,40,139.189,-3356.03,15.0922,0.336745
4730000,33,104.364,-3348.22,15.1237,0.3375
4740000,31,95.8173,-3357.62,18.1038,0.341125
4750000,31,99.734,-3364.77,17.3443,0.3302
4760000,27,88.9768,-3374.73,10.5324,0.3124
4770000,25,83.2186,-3389.01,13.6883,0.339327
4780000,29,103.353,-3377.54,15.7627,0.343067
4790000,28,100.592,-3366.05,9.54352,0.315833
4800000,26,90.3666,-3365.36,11.7428,0.3351
4810000,23,74.9932,-3383.55,8.62792,0.32835
4820000,26,90.9363,-3368.38,10.6555,0.3178
4830000,29,94.8594,-3362.29,22.3958,0.33169
4840000,31,110.698,-3382.12,16.3929,0.327367
4850000,32,108.172,-3349.29,16.0007,0.331657
4860000,25,79.0799,-3395.26,12.8723,0.33305
4870000,28,94.1367,-3374.35,16.1618,0.325375
4880000,33,113.392,-3368.93,15.776,0.3418
4890000,32,103.674,-3345.86,14.9652,0.332486
4900000,33,95.373,-3354.35,14.869,0.3355
4910000,30,98.3669,-3361.75,11.5668,0.3274
4920000,32,107.937,-3358.93,15.3744,0.347
4930000,30,99.3245,-3353.62,16.9237,0.3419
4940000,33,118.302,-3369.25,15.6695,0.3325
4950000,31,98.9171,-3375.85,13.2429,0.3611
4960000,31,97.0751,-3356.43,22.2618,0.3327
4970000,35,111.377,-3360.43,16.9917,0.3364
4980000,39,128.89,-3376.84,18.8994,0.336417
4990000,25,81.5445,-3375.07,16.093,0.3241
5000000,25,90.5262,-3386.31,10.6446,0.329167
5010000,28,93.5024,-3359.33,14.6556,0.3258
5020000,28,80.8183,-3363.99,17.3682,0.336173
5030000,31,107.627,-3368.99,15.3442,0.33865
5040000,33,114.008,-3366.68,19.2349,0.3538
5050000,31,103.071,-3364.85,17.6498,0.339067
5060000,28,96.7134,-3361.43,13.8556,0.35495
5070000,25,82.549,-3375.39,12.4332,0.3267
5080000,27,95.7594,-3373.25,11.5799,0.3227
5090000,28,98.6289,-3374.23,15.0403,0.335767
5100000,24,68.8531,-3379.24,17.5955,0.3157
5110000,29,102.557,-3380.76,11.5361,0.337854
5120000,33,121.378,-3379.33,13.633,0.3561
5130000,28,85.5065,-3372.14,19.2986,0.320367
5140000,27,91.0824,-3385.1,10.5911,0.328179
5150000,25,89.2959,-3389.19,13.4251,0.32605
5160000,29,103.992,-3385.11,14.1328,0.3489
5170000,34,122.85,-3349,17.922,0.334167
5180000,31,104.675,-3386.2,13.7849,0.34805
5190000,30,99.6636,-3384.72,16.1484,0.34045
5200000,28,95.34,-3369.54,13.3945,0.3179
5210000,28,80.9212,-3367.15,14.5682,0.3328
5220000,28,99.7275,-3373.68,16.569,0.324462
5230000,28,90.6957,-3366.09,18.7949,0.3343
5240000,35,121.664,-3360.51,19.6985,0.335411
5250000,28,91.1627,-3372.75,15.8179,0.33525
5260000,33,110.319,-3350.43,16.9752,0.32328
5270000,37,117.844,-3373.45,21.2843,0.3245
5280000,32,104.114,-3364.28,17.2812,0.3324
5290000,28,97.1782,-3374.34,10.3765,0.33082
5300000,33,116.259,-3358.84,19.3507,0.3423
5310000,32,115.83,-3377.03,16.517,0.328367
5320000,33,105.363,-3348.5,17.1637,0.3405
5330000,29,104.368,-3371.8,11.917,0.33925
5340000,34,110.34,-3363.52,19.8033,0.3328
5350000,33,106.905,-3367.88,18.629,0.339776
5360000,31,107.171,-3352.88,15.8693,0.3243
5370000,33,128.968,-3346.33,10.6143,0.3386
5380000,28,104.561,-3355.25,12.2985,0.3303
5390000,30,104.768,-3362.58,16.9282,0.3303
5400000,31,105.241,-3383.47,23.4138,0.3252
5410000,29,101.439,-3372.63,17.4659,0.3446
5420000,28,105.188,-3362.93,8.6616,0.336462
5430000,32,107.35,-3369.8,13.1274,0.3428
5440000,30,104.564,-3365.7,18.9733,0.3161
5450000,30,104.589,-3369.65,13.0463,0.3498
5460000,33,111.486,-3348.12,20.5596,0.32885
5470000,31,97.0974,-3375.27,20.3583,0.33875
5480000,27,77.9427,-3379.81,12.9093,0.340469
5490000,25,82.9897,-3365.98,12.9835,0.32625
5500000,27,93.5647,-3376.65,14.0858,0.3332
5510000,32,115.104,-3381.56,15.5672,0.335967
5520000,34,116.075,-3372.53,14.0207,0.349217
5530000,27,94.6225,-3394.43,16.2676,0.3292
5540000,28,91.6881,-3381.39,13.0269,0.34428
5550000,29,77.813,-3366.37,17.0827,0.333967
5560000,26,91.9836,-3368.97,15.2326,0.3347
5570000,32,124.608,-3374.56,15.3542,0.337875
5580000,34,108.614,-3372.47,21.9468,0.3403
5590000,27,93.1022,-3362.05,15.4121,0.338267
5600000,29,91.9359,-3358.8,16.9125,0.3311
5610000,33,118.243,-3365.61,18.7894,0.33985
5620000,29,97.5246,-3386.83,13.2221,0.343291
5630000,27,100.097,-3347.87,13.1159,0.33885
5640000,33,108.159,-3364.02,14.2352,0.332517
5650000,33,116.888,-3352.52,13.5729,0.3451
5660000,30,96.9137,-3354.66,20.1385,0.3353
5670000,36,121.79,-3362.53,17.8713,0.3279
5680000,32,113.936,-3349.46,16.8518,0.3256
5690000,36,133.317,-3360.09,14.0504,0.3499
5700000,28,109.925,-3375.55,11.8838,0.329986
5710000,37,118.222,-3358.15,23.2907,0.33985
5720000,38,117.281,-3351.65,22.2655,0.330292
5730000,32,121.255,-3366.33,16.8611,0.336433
5740000,34,113.627,-3347.72,17.2661,0.356867
5750000,31,104.767,-3381.16,15.3942,0.336869
5760000,33,120.301,-3358.78,16.1448,0.3462
5770000,31,108.651,-3354.59,16.3885,0.351
5780000,32,118.639,-3365,18.3241,0.343683
5790000,33,102.915,-3344.74,19.6157,0.33525
5800000,32,112.522,-3361.22,15.6812,0.33935
5810000,25,72.881,-3377.06,11.6154,0.3241
5820000,31,101.45,-3374,21.7956,0.329886
5830000,36,122.42,-3374.18,14.8045,0.329725
5840000,26,91.6173,-3362.26,11.0213,0.330555
5850000,28,92.7913,-3360.77,16.2063,0.33075
5860000,26,69.3331,-3395.83,18.2906,0.3258
5870000,30,93.7155,-3374.48,17.4686,0.32975
5880000,25,83.6847,-3391.96,12.7488,0.32105
5890000,33,108.233,-3358.34,16.7132,0.334483
5900000,31,97.6071,-3362.07,14.1506,0.322767
5910000,33,97.6094,-3360.03,17.8555,0.3228
5920000,32,96.3116,-3389.14,18.943,0.32785
5930000,27,71.4854,-3355.91,12.8339,0.322922
5940000,31,88.6326,-3360.96,17.2647,0.3036
5950000,31,92.9037,-3368.49,20.3969,0.323
5960000,32,96.1765,-3356.11,15.2929,0.346743
5970000,27,75.775,-3359.8,14.6981,0.320633
5980000,32,109.406,-3369.52,17.2181,0.340067
5990000,37,128.359,-3355.11,20.6894,0.341567
6000000,34,113.272,-3357.8,18.61,0.3538
6010000,42,143.267,-3379.08,25.1426,0.3566
6020000,34,122.907,-3361.58,16.1189,0.3675
6030000,27,86.5422,-3396.76,13.164,0.335509
6040000,29,97.4053,-3380.6,12.2622,0.34645
6050000,36,121.388,-3361.73,12.9653,0.3356
6060000,37,122.094,-3367.78,16.928,0.3539
6070000,32,107.402,-3379.57,10.7592,0.32808
6080000,28,90.9319,-3372.46,14.6128,0.3399
6090000,25,80.4549,-3385.57,12.5968,0.337344
6100000,29,86.6339,-3366.69,13.9926,0.3345
6110000,24,73.7044,-3380.47,9.26949,0.321075
6120000,29,93.0511,-3367.33,16.9892,0.3253
6130000,26,89.1914,-3386.59,12.0421,0.3248
6140000,27,97.1778,-3379.81,13.4012,0.323867
6150000,30,113.76,-3381.6,14.6267,0.3203
6160000,30,106.955,-3385.03,14.0376,0.338467
6170000,27,84.4692,-3421.59,19.2493,0.328321
6180000,32,111.789,-3368.17,16.7122,0.336683
6190000,29,92.6911,-3378.25,12.8704,0.33755
6200000,28,89.9865,-3388.44,14.4767,0.3401
6210000,30,89.8233,-3374.53,15.7763,0.33615
6220000,32,106.043,-3388.56,14.3769,0.3575
6230000,32,105.969,-3389.68,12.2097,0.331233
6240000,26,88.64,-3368.09,9.79817,0.3248
6250000,25,90.0592,-3411.23,14.3836,0.345322
6260000,25,90.2156,-3396.6,8.87505,0.3406
6270000,26,93.4584,-3383.19,5.72088,0.3141
6280000,27,81.7598,-3378.4,12.1195,0.3175
6290000,32,111.773,-3357.08,16.7383,0.32305
6300000,27,98.8249,-3380.48,12.8855,0.32925
6310000,33,121.142,-3381.27,18.8487,0.3319
6320000,26,91.5745,-3399.04,11.272,0.3362
6330000,26,75.8174,-3376.69,15.5855,0.3306
6340000,34,116.119,-3354.01,15.921,0.34144
6350000,28,101.457,-3366.76,15.9199,0.341
6360000,32,106.964,-3360.61,19.301,0.358467
6370000,36,124.177,-3369.93,21.0328,0.3442
6380000,32,107.179,-3360.56,14.7821,0.327925
6390000,28,87.266,-3396.96,11.5439,0.339532
6400000,33,116.813,-3360.42,18.6726,0.34854
6410000,30,102.824,-3358.74,11.503,0.330767
6420000,31,106.191,-3352.99,16.3687,0.34335
6430000,32,104.506,-3366.67,14.3622,0.3319
6440000,34,127.834,-3357.6,12.1112,0.332
6450000,30,98.6277,-3370.85,16.6726,0.3443
6460000,29,107.949,-3350.94,12.0954,0.3264
6470000,31,104.319,-3363.64,13.8275,0.3502
6480000,26,89.6344,-3403.43,12.7625,0.332744
6490000,34,106.535,-3344.98,18.5185,0.32905
6500000,27,86.1006,-3372.94,16.357,0.324746
6510000,30,98.3197,-3367.86,19.178,0.337033
6520000,31,109.932,-3345.09,16.1852,0.3557
6530000,33,116.471,-3367.28,16.7301,0.335067
6540000,29,106.694,-3366.71,12.2258,0.3398
6550000,33,116.62,-3358.85,14.4562,0.3557
6560000,31,107.698,-3357.55,11.0785,0.336175
6570000,35,114.981,-3356.92,18.4465,0.3404
6580000,29,89.4834,-3374.44,20.1699,0.33224
6590000,31,101.965,-3368,16.0429,0.3247
6600000,30,92.4046,-3355.82,16.6276,0.331573
6610000,31,116.815,-3367.94,14.2259,0.3486
6620000,25,81.176,-3369.47,16.5921,0.334875
6630000,31,115.225,-3354.2,15.3219,0.3363
6640000,31,93.9588,-3356.71,18.6859,0.332367
6650000,28,89.0503,-3357.21,13.2062,0.3253
6660000,28,101.552,-3354.53,13.8859,0.3078
6670000,33,121.779,-3371.45,13.4542,0.32918
6680000,32,102.528,-3373.93,12.8725,0.3496
6690000,32,91.0972,-3364.45,17.9087,0.33405
6700000,30,92.8951,-3364.95,16.0455,0.3405
6710000,29,102.02,-3373.23,12.8652,0.33168
6720000,28,88.7458,-3385.1,18.3591,0.323131
6730000,31,111.679,-3383.28,16.6041,0.3482
6740000,29,92.2417,-3376.96,17.5073,0.321867
6750000,32,110.399,-3383.99,14.8814,0.336657
6760000,31,99.5658,-3374.66,17.1783,0.3211
6770000,33,107.113,-3379.2,16.575,0.3278
6780000,31,116.688,-3359.97,15.6196,0.33492
6790000,28,96.1822,-3373.96,13.7702,0.3144
6800000,31,108.719,-3364.52,16.2271,0.32385
6810000,29,87.1781,-3364.84,15.139,0.33435
6820000,35,103.97,-3354.16,19.9582,0.3212
6830000,37,111.767,-3355.5,21.554,0.336
6840000,27,83.5445,-3372.11,16.7068,0.332675
6850000,32,110.887,-3385.29,16.8621,0.3314
6860000,29,83.1253,-3365.05,17.1596,0.320667
6870000,27,103.612,-3377.31,11.8271,0.32565
6880000,31,107.957,-3361.08,16.3964,0.322256
6890000,30,96.833,-3379.02,16.0697,0.310933
6900000,34,108.044,-3367.45,22.1991,0.32271
6910000,31,101.205,-3367.98,13.7426,0.326167
6920000,30,87.8545,-3382.14,18.2176,0.312133
6930000,34,104.685,-3365.31,21.8727,0.3346
6940000,37,128.566,-3352.56,17.7452,0.3577
6950000,31,96.0806,-3364.42,17.1869,0.3276
6960000,25,78.0382,-3382.02,14.3092,0.3306
6970000,38,103.228,-3378.94,22.1731,0.32374
6980000,31,101.426,-3362.29,16.9341,0.3208
6990000,33,114.487,-3368.26,11.7419,0.325158
7000000,34,105.397,-3360.64,16.1787,0.351
7010000,35,119.881,-3371.36,23.9757,0.33505
7020000,26,80.2667,-3376.06,12.912,0.3358
7030000,30,102.836,-3375,16.9103,0.332533
7040000,25,92.1432,-3374.71,13.0102,0.3286
7050000,26,82.8054,-3371.93,13.195,0.3282
7060000,27,93.6886,-3377.4,17.9099,0.337
7070000,30,98.4658,-3377.37,13.9238,0.330775
7080000,29,92.0527,-3368.46,15.2408,0.3089
7090000,31,103.392,-3363.44,15.4287,0.338438
7100000,28,103.092,-3371.52,12.1226,0.327793
7110000,31,107.307,-3364.78,15.1407,0.32165
7120000,31,95.5126,-3367.52,18.7745,0.32915
7130000,28,91.4143,-3366.56,12.2598,0.31074
7140000,31,104.364,-3367.28,15.1513,0.3216
7150000,30,101.115,-3350.84,18.1844,0.317544
7160000,32,109.331,-3371.63,15.4748,0.3153
7170000,32,107.97,-3355.57,20.5229,0.32504
7180000,32,112.239,-3346.43,16.8654,0.3344
7190000,29,87.5618,-3369.84,16.1701,0.3097
7200000,28,85.1631,-3380.66,14.7752,0.3053
7210000,26,83.7729,-3398.89,12.1717,0.33632
7220000,27,88.7732,-3364.64,12.6161,0.324409
7230000,28,98.3019,-3372.78,13.9152,0.3224
7240000,32,116.489,-3374.29,12.2848,0.32912
7250000,36,115.696,-3361.6,13.0652,0.333167
7260000,29,98.2949,-3370.99,17.4305,0.3136
7270000,29,99.1148,-3371.46,11.8589,0.3041
7280000,26,75.2432,-3384.68,15.4252,0.326043
7290000,29,101.596,-3371.9,15.0861,0.321533
7300000,30,102.654,-3368.58,12.8393,0.32972
7310000,32,110.207,-3356.39,17.3305,0.35
7320000,28,85.3309,-3376.78,19.0799,0.3209
7330000,31,92.6013,-3342.96,14.2151,0.32158
7340000,31,105.227,-3367.29,16.6635,0.33546
7350000,30,107.118,-3378.01,12.9629,0.338825
7360000,27,79.8194,-3367.28,21.2092,0.3312
7370000,32,94.7226,-3356.9,18.3364,0.3244
7380000,28,100.62,-3366.32,10.3205,0.3216
7390000,29,93.2576,-3354.93,15.9444,0.31775
7400000,29,100.484,-3358.85,12.0738,0.326633
7410000,25,72.3892,-3367.96,18.3351,0.314856
7420000,31,95.7077,-3364.2,16.9291,0.339825
7430000,35,119.453,-3349.4,15.42,0.330525
7440000,29,89.642,-3381.46,14.1217,0.32615
7450000,33,113.977,-3364.55,16.1016,0.3345
7460000,36,112.49,-3348.02,16.767,0.342167
7470000,29,99.1474,-3368.22,14.3817,0.332
7480000,30,98.8931,-3354.59,14.5474,0.3345
7490000,29,102.855,-3364.92,13.4014,0.3332
7500000,28,90.6757,-3373.35,12.907,0.322011
7510000,31,116.193,-3346.89,14.9646,0.34425
7520000,35,123.411,-3351.79,19.589,0.3441
7530000,35,120.851,-3363.21,16.462,0.332118
7540000,33,105.457,-3368.88,19.7262,0.33055
7550000,30,104.347,-3377.29,17.3835,0.351
7560000,23,81.6833,-3387.35,9.99601,0.3511
7570000,30,94.1794,-3362.55,22.5774,0.34352
7580000,38,142.054,-3356.84,20.0325,0.3469
7590000,36,123.028,-3341.75,21.0199,0.3383
7600000,26,79.7691,-3369.16,18.5714,0.33408
7610000,36,118.599,-3337.04,17.6225,0.35115
7620000,32,102.379,-3331.4,20.7004,0.3427
7630000,26,91.4772,-3353.41,15.4195,0.321543
7640000,27,83.7721,-3368.28,16.0833,0.328606
7650000,33,108.082,-3361.55,20.5652,0.33265
7660000,33,115.52,-3350.6,15.6473,0.335825
7670000,32,107.051,-3355.13,17.2659,0.3442
7680000,30,92.275,-3367.67,9.43823,0.31845
7690000,30,92.4159,-3360.78,15.1555,0.337
7700000,27,81.5211,-3374.41,17.5141,0.32458
7710000,27,93.9919,-3370.84,10.7322,0.308467
7720000,28,104.559,-3357.63,14.6205,0.331133
7730000,33,120.696,-3355.02,17.0842,0.3322
7740000,31,104.702,-3362.27,15.2246,0.3294
7750000,37,129.259,-3358.11,19.0022,0.3241
7760000,31,110.077,-3375.9,20.6093,0.331745
7770000,27,100.881,-3378.9,13.5821,0.3591
7780000,31,97.0573,-3376.28,26.2819,0.341786
7790000,32,108.847,-3347.07,18.8702,0.34375
7800000,27,98.8523,-3375.07,14.4033,0.32786
7810000,29,94.0526,-3386.86,18.6585,0.327875
7820000,29,103.142,-3365.07,19.4112,0.336925
7830000,31,119.072,-3358.39,11.0315,0.339725
7840000,35,120.398,-3349.63,19.7628,0.3416
7850000,27,80.9489,-3366.55,9.90062,0.330333
7860000,30,97.2592,-3347.7,15.408,0.3305
7870000,30,113.67,-3363.62,9.04745,0.33455
7880000,38,147.704,-3340.71,17.4002,0.34305
7890000,31,116.613,-3375.42,14.4459,0.352
7900000,39,129.528,-3344.65,18.1256,0.32034
7910000,38,123.925,-3365.32,18.217,0.348217
7920000,36,125.812,-3350.55,14.475,0.3483
7930000,33,117.361,-3353.52,11.4871,0.343333
7940000,32,114.676,-3348.41,16.5366,0.3409
7950000,34,109.637,-3367.9,18.6176,0.3305
7960000,29,93.9662,-3380.37,15.537,0.334143
7970000,34,114.476,-3360.66,17.1706,0.33856
7980000,34,110.045,-3344.4,18.7888,0.3446
7990000,28,96.562,-3365.6,14.755,0.337
8000000,33,111.934,-3343.2,18.5783,0.35125
8010000,26,89.3889,-3364.5,12.4739,0.3292
8020000,36,132.148,-3344.39,15.4357,0.3525
8030000,31,109.269,-3370.66,12.5438,0.340975
8040000,25,78.9067,-3366.55,11.3223,0.326533
8050000,31,97.99,-3363.23,12.6368,0.3299
8060000,33,122.067,-3357.58,15.1653,0.336925
8070000,36,110.743,-3352.65,23.3703,0.31825
8080000,32,103.653,-3364.76,13.8179,0.3376
8090000,34,111.507,-3349.5,20.9622,0.341533
8100000,28,93.1992,-3377.12,12.768,0.329667
8110000,31,99.1819,-3354.71,17.1073,0.33045
8120000,30,97.1545,-3356.25,11.4246,0.343675
8130000,33,103.834,-3349.2,17.2021,0.32665
8140000,31,94.8055,-3361.21,16.0818,0.3372
8150000,32,91.9351,-3360.48,22.4406,0.3393
8160000,31,102.361,-3377.68,21.2105,0.329583
8170000,30,89.9971,-3354.9,18.9052,0.3377
8180000,26,94.211,-3382.1,10.8292,0.35095
8190000,25,73.8287,-3366.71,13.8463,0.336786
8200000,27,76.4514,-3389.67,21.9392,0.316726
8210000,26,71.9046,-3363.53,14.6703,0.33015
8220000,33,114.534,-3359.76,13.9988,0.3222
8230000,40,135.968,-3364.02,18.9908,0.3523
8240000,30,104.774,-3364.01,10.1363,0.33235
8250000,32,113.692,-3371.38,15.1292,0.3413
8260000,32,101.433,-3359.21,18.2023,0.3293
8270000,36,114.916,-3360.89,20.0324,0.3362
8280000,26,81.0915,-3363.67,14.0756,0.33494
8290000,27,80.6711,-3368.44,14.4216,0.33335
8300000,31,101.267,-3381.12,14.5288,0.3202
8310000,31,95.615,-3388.47,14.769,0.3327
8320000,28,90.8504,-3377.96,13.1837,0.3247
8330000,29,104.382,-3381.99,14.2222,0.3308
8340000,25,90.071,-3370.03,8.44615,0.32185
8350000,27,83.7213,-3373.27,21.5854,0.31895
8360000,34,117.315,-3360.84,14.863,0.327713
8370000,36,119.968,-3351.47,24.6192,0.33195
8380000,38,130.336,-3345.74,18.7012,0.3548
8390000,36,125.984,-3340.25,17.0279,0.33204
8400000,30,99.7211,-3360.44,17.2021,0.3528
8410000,37,137.002,-3351,19.1817,0.34712
8420000,33,108.573,-3338.18,15.8079,0.332575
8430000,31,105.278,-3351.11,12.285,0.3287
8440000,34,114.513,-3332.34,14.9257,0.356233
8450000,29,86.6699,-3373.86,13.7826,0.32118
8460000,38,113.665,-3347.32,18.8568,0.321967
8470000,41,133.696,-3362.33,21.8828,0.331859
8480000,33,113.141,-3348.39,25.7178,0.336325
8490000,31,112.4,-3361.69,16.9236,0.3454
8500000,32,114.435,-3365.36,16.1985,0.3296
8510000,32,104.651,-3356.11,12.2679,0.3326
8520000,30,102.866,-3351.45,17.8241,0.33805
8530000,28,93.3467,-3363.06,14.1703,0.334567
8540000,37,123.832,-3350.25,17.9443,0.34855
8550000,33,109.106,-3340.34,20.2148,0.3569
8560000,35,128.965,-3356.08,17.3986,0.3363
8570000,41,132.538,-3370.98,18.2093,0.335617
8580000,30,96.6597,-3356.41,15.7549,0.3317
8590000,29,97.2863,-3347.74,16.8335,0.342
8600000,35,109.192,-3365.1,20.4876,0.333657
8610000,34,111.039,-3344.68,19.7382,0.3384
8620000,30,103.8,-3351.83,16.2382,0.331
8630000,36,123.655,-3338.36,18.8822,0.34215
8640000,37,122.47,-3358.11,16.2457,0.347
8650000,34,115.876,-3340.65,14.9248,0.3406
8660000,34,119.366,-3338.78,14.6045,0.3269
8670000,26,95.619,-3377.2,11.9564,0.31615
8680000,29,102.197,-3366.1,13.8818,0.338533
8690000,28,90.1251,-3378.4,13.2141,0.31795
8700000,31,100.941,-3357.02,15.2749,0.32875
8710000,32,99.6687,-3379.58,16.5666,0.33
8720000,32,119.436,-3356.88,12.3673,0.3404
8730000,29,101.969,-3366.26,14.5429,0.330443
8740000,35,124.317,-3352.99,14.1241,0.32785
8750000,35,116.664,-3366.06,17.7632,0.3439
8760000,32,96.3544,-3391.21,17.5357,0.324757
8770000,27,87.7854,-3383.1,14.2648,0.326788
8780000,28,91.3591,-3381.45,15.2784,0.3133
8790000,25,84.6952,-3373.28,18.508,0.319833
8800000,33,107.758,-3349.46,19.8104,0.329843
8810000,31,109.935,-3356.99,13.9977,0.333183
8820000,36,114.821,-3342.11,27.3177,0.34275
8830000,43,159.244,-3346.82,20.7027,0.3519
8840000,24,75.8258,-3390.39,15.1156,0.326983
8850000,33,106.515,-3369.23,19.513,0.33545
8860000,32,101.375,-3378.93,19.8396,0.3266
8870000,31,101.945,-3342.33,15.0614,0.336867
8880000,31,99.5478,-3386.48,14.4046,0.346
8890000,40,135.092,-3327.26,18.6313,0.3537
8900000,42,149.95,-3350.36,20.3872,0.3362
8910000,38,119.215,-3332.79,29.6656,0.3521
8920000,34,102.229,-3358.37,26.4182,0.3432
8930000,30,84.0324,-3349.45,19.2741,0.3298
8940000,33,108.268,-3341.14,20.3538,0.341945
8950000,30,96.2463,-3364.72,20.407,0.3294
8960000,31,118.259,-3366.62,12.4153,0.33835
8970000,35,103.903,-3347.37,18.3489,0.334925
8980000,31,106.276,-3358.1,16.4144,0.3384
8990000,30,108.032,-3374.92,14.6015,0.331691
9000000,31,105.773,-3354.06,16.8183,0.3329
9010000,30,109.88,-3353.63,10.337,0.3287
9020000,34,118.26,-3375.21,19.9933,0.339
9030000,31,105.514,-3364.24,16.6308,0.340133
9040000,34,120.252,-3361.68,15.3498,0.3238
9050000,28,92.1066,-3360.05,16.8711,0.333133
9060000,32,105.26,-3353.21,15.6824,0.339433
9070000,33,118.404,-3363.23,18.8483,0.3223
9080000,31,110.428,-3357.76,13.6666,0.3369
9090000,30,103.117,-3357.35,15.2112,0.3267
9100000,32,105.48,-3359.1,15.3948,0.324075
9110000,30,95.3432,-3361.02,13.4199,0.33624
9120000,26,87.2218,-3376.63,10.5558,0.329333
9130000,29,81.0537,-3375.79,15.8657,0.316
9140000,32,107.167,-3364.84,17.636,0.331967
9150000,31,110.778,-3369.88,13.9362,0.3475
9160000,29,97.1482,-3381.12,13.7713,0.334267
9170000,31,110.518,-3374.78,13.7713,0.336925
9180000,34,115.555,-3347.2,13.5898,0.3386
9190000,27,93.4673,-3363.81,11.3764,0.325347
9200000,35,117.587,-3368.72,18.4076,0.34295
9210000,28,104.11,-3354.29,13.0628,0.33522
9220000,30,105.935,-3376.69,16.2272,0.331733
9230000,32,111.358,-3380.71,17.7617,0.3276
9240000,30,96.0194,-3374.83,12.6114,0.32935
9250000,30,108.001,-3392.43,12.4712,0.33406
9260000,32,115.957,-3388.95,17.442,0.3302
9270000,27,88.5095,-3370.94,10.9723,0.3249
9280000,32,111.573,-3359.44,13.0615,0.3337
9290000,31,98.9188,-3360.39,18.0568,0.3266
9300000,35,107.577,-3354.31,15.8992,0.3223
9310000,34,115.199,-3350.02,15.9888,0.3438
9320000,28,88.1746,-3363.34,18.0758,0.3203
9330000,28,92.2207,-3360.38,10.731,0.3305
9340000,39,131.662,-3353.11,16.6157,0.327275
9350000,29,94.813,-3386.58,16.3239,0.3421
9360000,26,85.6598,-3368.53,11.9561,0.319189
9370000,31,116.357,-3385.16,17.2733,0.351367
9380000,26,72.4942,-3360.63,17.2861,0.329978
9390000,31,95.1132,-3359.57,14.3449,0.326333
9400000,27,95.3705,-3400.9,14.6639,0.3303
9410000,34,118.694,-3369.03,16.1419,0.342675
9420000,27,85.7532,-3392.22,15.4641,0.32755
9430000,34,106.41,-3366.85,20.0889,0.33455
9440000,35,103.163,-3369.04,19.6612,0.3469
9450000,28,89.2924,-3383.88,11.4686,0.324033
9460000,31,107.164,-3370.23,12.0977,0.324586
9470000,29,99.0232,-3355.85,10.6956,0.321489
9480000,34,107.345,-3383.15,18.2876,0.327767
9490000,36,110.823,-3361.92,22.075,0.33536
9500000,31,104.494,-3365.38,16.2125,0.33
9510000,31,113.753,-3370.4,14.1871,0.326067
9520000,31,99.1303,-3373.95,11.5579,0.33248
9530000,33,96.9184,-3362.52,17.8914,0.324157
9540000,37,95.3987,-3379.1,21.7504,0.3426
9550000,26,75.7736,-3386.92,20.3217,0.3478
9560000,28,100.903,-3373.87,9.56168,0.3334
9570000,26,82.1067,-3381.38,11.6967,0.3201
9580000,29,83.2085,-3349.16,17.2189,0.3394
9590000,30,100.838,-3369.86,17.3124,0.324725
9600000,33,111.951,-3348.51,16.8904,0.33466
9610000,30,103.956,-3370,15.8178,0.329533
9620000,32,103.414,-3378.08,17.674,0.345933
9630000,27,93.6967,-3390.99,9.82086,0.327733
9640000,27,99.8001,-3382.84,12.3373,0.3154
9650000,34,120.99,-3343.19,16.1014,0.329525
9660000,33,113.124,-3364.16,13.0616,0.3567
9670000,28,93.4931,-3385.29,15.4961,0.336667
9680000,26,91.2501,-3379.88,10.68,0.3268
9690000,36,128.751,-3350.81,14.4722,0.336289
9700000,37,135.167,-3336.35,15.9368,0.3338
9710000,33,110.696,-3346.1,18.9136,0.3408
9720000,36,129.671,-3353.57,12.704,0.3402
9730000,33,103.612,-3362.81,23.3903,0.3405
9740000,34,122.436,-3347.7,14.1003,0.336
9750000,28,91.1711,-3381.01,16.5858,0.3213
9760000,30,95.9144,-3372.41,19.362,0.3224
9770000,31,100.748,-3357.85,12.6086,0.323189
9780000,32,109.561,-3364.83,14.2564,0.334955
9790000,31,102.663,-3344.17,15.9139,0.33252
9800000,31,94.6506,-3359.29,19.2015,0.3322
9810000,31,85.1123,-3359.09,16.2656,0.301425
9820000,31,105.961,-3367.81,14.088,0.337317
9830000,30,96.1939,-3356.59,14.7033,0.3245
9840000,27,99.5234,-3373.6,11.3097,0.3364
9850000,30,92.6597,-3370.05,16.2038,0.328857
9860000,38,138.6,-3345.17,18.5547,0.33655
9870000,38,130.656,-3359.99,20.9419,0.3502
9880000,30,94.3297,-3352.85,13.7926,0.334433
9890000,33,116.396,-3355.89,20.4251,0.34165
9900000,31,102.309,-3353.48,16.6479,0.3306
9910000,29,97.2706,-3375.27,15.624,0.323017
9920000,31,107.972,-3386.5,17.8853,0.3434
9930000,30,111.348,-3371.05,17.8267,0.3516
9940000,32,106.314,-3378.68,13.1114,0.333575
9950000,33,111.42,-3379.05,20.1145,0.327943
9960000,30,98.7737,-3392.35,17.1342,0.336137
9970000,28,99.1139,-3375.31,14.2113,0.3316
9980000,32,116.234,-3358.09,10.9674,0.339975
9990000,33,107.007,-3367.41,15.0384,0.32045
